4789
8807
2081
6121
8273
9511
6143
751
7417
149
1619
5867
4987
2711
83
9277
1231
4463
9029
7489
137
5039
9257
4397
1193
4583
883
9817
3719
3539
5557
4813
5501
4349
4091
9931
4133
1223
79
4651
9349
4943
8521
7639
4099
5347
2207
113
7187
2903
2801
1489
4013
43
1021
7529
4729
9337
4793
2143
3167
9833
4519
9041
3229
8581
7573
6203
5779
7
4643
73
1249
251
1277
9631
2063
293
9601
5623
6269
6917
937
5749
4339
3581
4639
1697
5743
907
571
2239
5023
839
6427
1217
3389
5821
1847
2927
3559
3251
3343
8597
8867
6659
1999
1579
7459
6529
631
9829
2819
359
3727
5167
4871
1237
8819
6869
1153
2243
7517
8171
5333
7927
467
2953
6067
4513
4327
2003
8059
2657
4451
7001
4889
7499
7013
8779
9391
557
7507
3083
4663
6733
6329
2797
1823
2939
5647
2621
5923
727
7069
8761
2659
5741
103
353
6823
1459
3463
7541
8609
8753
1867
7603
9091
593
5689
8677
3499
1709
7583
8423
6043
5021
4153
5839
9851
6163
5651
47
4517
4391
3853
1597
7823
4621
4603
8389
6211
3307
9491
7907
6473
5261
3527
6277
6247
6263
8831
3931
7333
9283
563
569
4229
8287
6911
5981
4259
4679
8629
6113
8663
601
6173
8999
277
1753
5081
5641
9103
1097
4261
5323
2203
3917
4243
3423
2543
3433
4481
4409
6367
9343
431
523
443
2411
4657
4937
5737
7591
1063
8969
2213
8539
1297
1693
409
3121
1451
9551
4751
2861
6679
4733
4993
6029
7213
9461
6661
1093
3793
7649
691
1907
1549
1483
2389
2399
1979
9719
6737
4201
5563
2843
1433
3823
8933
5693
2719
4799
9649
3967
9791
6271
5309
1873
9871
1039
9473
131
5953
5417
5387
8329
4271
8731
1259
4507
2693
2383
5527
8093
389
1031
541
577
1087
5107
9181
3371
2767
7949
3517
5801
4703
3191
1381
3301
2237
1487
2137
2671
9043
9901
8527
1607
9661
5303
613
2789
1523
6221
659
6599
719
8821
9697
6883
2129
2857
7621
9227
2969
19
1109
139
5273
5381
2339
8461
1303
3019
7549
3593
2803
5717
317
7829
7789
2131
3923
1307
3779
1699
9173
433
5861
3319
9397
1181
9311
5659
743
1669
1871
7727
283
9371
7309
2963
379
401
9923
2663
3187
599
2311
9907
6701
2579
5153
6833
2741
4999
6197
9001
7547
6037
6761
6791
4157
1187
6007
9419
6691
4231
1913
3491
2707
2141
6563
9199
8971
4021
5581
3919
6703
487
7793
4211
6047
643
9049
6073
2887
9733
191
9629
5009
2713
241
109
7151
223
5519
8513
8849
6449
1933
5791
67
3847
8443
6841
4127
7079
8839
491
7933
9281
3541
6199
1373
2
971
8167
9941
5653
3691
5591
5569
439
7681
7019
9011
1637
7043
9479
677
7537
461
8573
881
3271
1997
3067
1321
2459
4951
1951
4721
271
733
2437
8737
7589
3079
6983
887
7883
2753
2423
4597
8689
4049
1889
8161
911
3181
6287
4457
1163
7481
2371
1553
8783
739
9421
6469
3659
3547
1051
7321
9161
4423
2647
1543
8269
521
5879
6343
2549
6389
2557
3221
9013
7129
5003
2221
3709
2087
269
6079
3907
8111
2689
3119
2153
5351
4111
1049
8863
3299
239
7109
4649
2957
1901
1973
9151
1279
8219
9241
2731
2467
1621
7523
8221
197
2551
2281
229
9377
5531
7937
9203
5171
857
1493
4337
2113
5399
4759
199
5483
7193
5189
8147
619
2347
4787
5
769
4139
8627
3449
1453
3049
991
8543
7369
5233
3769
1601
7039
7307
3671
29
6217
2417
8263
1423
17
9067
4547
8369
1399
1787
8669
2287
7211
1213
6361
4241
3701
8363
4561
1811
3613
257
8419
2341
7759
3361
4219
1721
6481
757
6451
4297
4973
5903
5807
9689
2293
3529
9857
2011
2909
8087
2083
4861
3467
7331
3989
4441
7691
9677
5897
1993
5869
6151
6547
3023
5419
6781
5393
9133
7561
9403
9463
9433
2251
9743
9643
9539
5479
2749
5413
6491
4967
9497
1117
9439
4177
9157
8741
23
3413
9803
2273
1609
1409
1367
5669
967
8117
4723
1123
1667
1877
7559
1019
151
1531
8101
1229
8929
5927
5179
1663
6553
4523
9467
5827
6337
2521
1061
7853
3803
5441
6359
2161
6101
3767
1091
1327
2503
5231
4019
673
7723
6571
421
5711
1879
5683
7717
3
6133
6959
4659
3329
547
3253
3851
3911
9767
6323
3557
8641
3833
4831
9239
373
4363
823
479
9787
5051
5443
7243
1171
9859
9007
8431
2377
499
3323
5281
9221
9949
4003
9679
9929
4001
1033
8243
8861
4373
1733
8707
1283
9209
8009
5431
3607
3797
9187
263
1447
8297
4057
2017
3089
2833
3037
7877
4129
1783
1759
9533
2381
9613
331
4079
6637
1289
181
6899
4447
4637
641
3571
9967
1439
7919
2677
7487
5639
7699
1801
167
7741
4217
2531
9323
7451
1831
2069
8081
6521
5147
9619
2593
383
7817
4283
1481
587
9887
1429
8089
7993
4903
9769
2917
2269
2609
6091
2791
827
5011
101
211
8747
7673
3331
1009
6653
6089
647
4093
8311
2039
4877
2441
7963
8893
7121
7207
6689
3533
6709
3259
6947
9319
2971
8963
7669
9749
4673
2897
9137
9739
3631
53
2617
503
1201
41
9781
5237
3697
6967
2309
2357
1789
2027
1103
5849
31
6551
5297
6379
8563
829
107
349
8623
3637
863
1291
653
8377
227
8941
6829
1613
71
4957
7237
3347
2699
8719
3257
5077
877
8387
5657
6863
5449
1319
1949
3643
3217
1301
1069
1427
3011
3733
4483
8039
8237
773
3889
3163
3457
8713
6619
8209
4027
6353
7901
1567
2837
9341
193
367
4493
9413
6577
3359
6301
8017
6397
509
5477
2687
5099
4007
6991
2333
7177
3943
8699
4691
6961
8123
9973
2729
929
4817
1627
5227
5279
8231
5573
3947
7297
2683
7349
7867
173
1559
347
6871
419
3673
7027
661
3407
3877
3821
97
9059
2879
9883
1861
7411
5881
4073
2473
4969
8069
5197
5813
6131
6317
4931
5119
8467
5783
2393
5857
4289
6719
977
4051
3739
7703
4273
8599
811
463
307
9293
8537
3137
127
7103
7951
5701
89
1571
2477
9431
4253
4567
2029
397
5987
2591
1583
3863
7229
2777
761
7253
3511
9623
7643
997
1987
6803
1499
3617
2053
5507
7433
4919
1013
1723
6907
6569
1741
8837
233
8887
5521
5407
683
8447
6257
2539
2633
3469
8317
9811
3623
8179
3041
11
2297
8501
6311
6857
1471
787
5059
5503
8233
2999
6053
7757
8681
7753
457
859
3461
3209
701
7457
8053
3061
3677
6763
1657
9547
6971
2111
6421
3881
6011
797
3583
9839
7873
7351
821
337
1511
2267
7957
4783
13
4549
8951
3391
4933
2851
709
9587
7057
3761
4421
6373
1129
3001
3203
59
983
2179
5471
941
5101
7577
7283
7159
7127
179
8693
2351
1747
617
3313
919
3169
8923
1777
5843
947
1151
8429
4357
8011
9109
7687
6779
1931
6793
449
5087
7841
9127
6997
311
8293
2099
2089
8353
6949
163
3109
281
6607
5437
6229
6581
5209
4591
9521
8803
61
6299
2447
313
7393
7607
4159
809
8191
5939
953
9721
3373
4801
7247
8291
6827
5113
5851
1361
7219
37
853
4909
7477
9437
8647
6673
3929
157
607
6977
7879
