Locus	R_in_white	W_in_white
0	61	39
1	58	42
2	57	43
3	56	44
4	55	45
5	54	46
6	55	45
7	54	46
8	53	47
9	52	48
10	50	50
11	50	50
12	49	51
13	49	51
14	48	52
15	46	54
16	45	55
17	43	57
18	39	61
19	38	62
20	38	62
21	38	62
22	38	62
23	38	62
24	35	65
25	32	68
26	33	67
27	32	68
28	32	68
29	31	69
30	30	70
31	30	70
32	29	71
33	29	71
34	28	72
35	27	73
36	25	75
37	24	76
38	23	77
39	22	78
40	21	79
41	20	80
42	20	80
43	20	80
44	18	82
45	17	83
46	17	83
47	16	84
48	14	86
49	14	86
50	13	87
51	12	88
52	11	89
53	11	89
54	11	89
55	10	90
56	9	91
57	9	91
58	9	91
59	9	91
60	5	95
61	4	96
62	2	98
63	0	100
64	0	100
65	1	99
66	2	98
67	6	94
68	5	95
69	6	94
70	9	91
71	10	90
72	12	88
73	12	88
74	14	86
75	15	85
76	18	82
77	21	79
78	21	79
79	23	77
80	23	77
81	23	77
82	24	76
83	25	75
84	27	73
85	27	73
86	29	71
87	29	71
88	31	69
89	32	68
90	33	67
91	34	66
92	34	66
93	35	65
94	35	65
95	36	64
96	37	63
97	37	63
98	38	62
99	40	60
