Locus	R_in_red	W_in_red
0	596	388
1	597	387
2	601	383
3	600	384
4	602	382
5	605	379
6	605	379
7	606	378
8	607	377
9	606	378
10	608	376
11	608	376
12	609	375
13	612	372
14	613	371
15	611	373
16	612	372
17	612	372
18	612	372
19	613	371
20	612	372
21	612	372
22	615	369
23	617	367
24	619	365
25	618	366
26	621	363
27	622	362
28	624	360
29	624	360
30	626	358
31	627	357
32	629	355
33	631	353
34	631	353
35	631	353
36	632	352
37	633	351
38	634	350
39	635	349
40	636	348
41	636	348
42	636	348
43	637	347
44	639	345
45	639	345
46	639	345
47	642	342
48	643	341
49	643	341
50	645	339
51	646	338
52	647	337
53	647	337
54	648	336
55	649	335
56	650	334
57	653	331
58	654	330
59	653	331
60	654	330
61	656	328
62	657	327
63	657	327
64	658	326
65	661	323
66	662	322
67	664	320
68	664	320
69	665	319
70	667	317
71	668	316
72	673	311
73	674	310
74	675	309
75	675	309
76	676	308
77	678	306
78	678	306
79	679	305
80	679	305
81	679	305
82	679	305
83	679	305
84	680	304
85	681	303
86	682	302
87	685	299
88	686	298
89	687	297
90	688	296
91	689	295
92	688	296
93	689	295
94	689	295
95	690	294
96	690	294
97	691	293
98	690	294
99	692	292
100	692	292
101	692	292
102	693	291
103	693	291
104	694	290
105	695	289
106	696	288
107	697	287
108	700	284
109	700	284
110	702	282
111	703	281
112	704	280
113	704	280
114	704	280
115	706	278
116	707	277
117	708	276
118	711	273
119	711	273
120	712	272
121	712	272
122	713	271
123	713	271
124	715	269
125	716	268
126	718	266
127	718	266
128	719	265
129	720	264
130	720	264
131	722	262
132	723	261
133	723	261
134	724	260
135	725	259
136	725	259
137	725	259
138	726	258
139	726	258
140	730	254
141	729	255
142	731	253
143	732	252
144	733	251
145	733	251
146	734	250
147	734	250
148	734	250
149	739	245
150	742	242
151	742	242
152	742	242
153	746	238
154	746	238
155	747	237
156	747	237
157	746	238
158	748	236
159	749	235
160	750	234
161	750	234
162	752	232
163	753	231
164	754	230
165	754	230
166	756	228
167	758	226
168	758	226
169	758	226
170	760	224
171	760	224
172	760	224
173	761	223
174	762	222
175	763	221
176	764	220
177	766	218
178	767	217
179	767	217
180	768	216
181	769	215
182	769	215
183	770	214
184	772	212
185	772	212
186	771	213
187	773	211
188	776	208
189	776	208
190	776	208
191	777	207
192	778	206
193	778	206
194	779	205
195	779	205
196	783	201
197	782	202
198	783	201
199	784	200
200	786	198
201	788	196
202	788	196
203	789	195
204	790	194
205	794	190
206	794	190
207	795	189
208	796	188
209	797	187
210	798	186
211	799	185
212	800	184
213	802	182
214	803	181
215	803	181
216	805	179
217	807	177
218	807	177
219	810	174
220	810	174
221	811	173
222	811	173
223	811	173
224	811	173
225	812	172
226	813	171
227	814	170
228	815	169
229	818	166
230	819	165
231	820	164
232	821	163
233	823	161
234	823	161
235	825	159
236	825	159
237	827	157
238	827	157
239	830	154
240	832	152
241	833	151
242	833	151
243	834	150
244	834	150
245	834	150
246	835	149
247	838	146
248	839	145
249	838	146
250	839	145
251	840	144
252	840	144
253	843	141
254	842	142
255	843	141
256	845	139
257	846	138
258	847	137
259	848	136
260	849	135
261	852	132
262	853	131
263	856	128
264	858	126
265	859	125
266	863	121
267	863	121
268	865	119
269	865	119
270	867	117
271	871	113
272	871	113
273	872	112
274	873	111
275	877	107
276	877	107
277	879	105
278	880	104
279	881	103
280	882	102
281	883	101
282	885	99
283	886	98
284	886	98
285	887	97
286	888	96
287	888	96
288	889	95
289	889	95
290	889	95
291	890	94
292	892	92
293	892	92
294	893	91
295	893	91
296	893	91
297	895	89
298	896	88
299	897	87
300	898	86
301	900	84
302	902	82
303	905	79
304	907	77
305	908	76
306	909	75
307	909	75
308	912	72
309	913	71
310	913	71
311	914	70
312	914	70
313	915	69
314	916	68
315	920	64
316	921	63
317	921	63
318	921	63
319	924	60
320	924	60
321	924	60
322	925	59
323	925	59
324	930	54
325	931	53
326	931	53
327	932	52
328	933	51
329	934	50
330	934	50
331	935	49
332	937	47
333	939	45
334	941	43
335	942	42
336	942	42
337	942	42
338	944	40
339	945	39
340	945	39
341	946	38
342	947	37
343	948	36
344	948	36
345	950	34
346	951	33
347	952	32
348	952	32
349	953	31
350	956	28
351	958	26
352	960	24
353	961	23
354	961	23
355	962	22
356	965	19
357	966	18
358	967	17
359	967	17
360	969	15
361	970	14
362	971	13
363	971	13
364	974	10
365	975	9
366	976	8
367	978	6
368	979	5
369	980	4
370	981	3
371	981	3
372	982	2
373	984	0
374	984	0
375	983	1
376	983	1
377	981	3
378	980	4
379	979	5
380	979	5
381	978	6
382	975	9
383	973	11
384	972	12
385	970	14
386	968	16
387	967	17
388	966	18
389	965	19
390	964	20
391	963	21
392	962	22
393	961	23
394	958	26
395	957	27
396	957	27
397	955	29
398	954	30
399	952	32
400	950	34
401	950	34
402	950	34
403	950	34
404	949	35
405	948	36
406	947	37
407	945	39
408	943	41
409	942	42
410	942	42
411	941	43
412	941	43
413	939	45
414	937	47
415	936	48
416	935	49
417	934	50
418	933	51
419	933	51
420	932	52
421	929	55
422	923	61
423	921	63
424	920	64
425	920	64
426	918	66
427	918	66
428	916	68
429	916	68
430	915	69
431	915	69
432	913	71
433	912	72
434	912	72
435	910	74
436	909	75
437	908	76
438	907	77
439	906	78
440	905	79
441	906	78
442	903	81
443	900	84
444	898	86
445	896	88
446	894	90
447	893	91
448	893	91
449	892	92
450	891	93
451	888	96
452	888	96
453	886	98
454	885	99
455	883	101
456	880	104
457	880	104
458	879	105
459	877	107
460	877	107
461	877	107
462	875	109
463	875	109
464	875	109
465	875	109
466	873	111
467	873	111
468	872	112
469	872	112
470	870	114
471	870	114
472	869	115
473	866	118
474	866	118
475	864	120
476	862	122
477	860	124
478	858	126
479	858	126
480	857	127
481	856	128
482	854	130
483	851	133
484	851	133
485	849	135
486	849	135
487	849	135
488	848	136
489	848	136
490	846	138
491	841	143
492	841	143
493	839	145
494	838	146
495	837	147
496	834	150
497	834	150
498	834	150
499	833	151
500	833	151
501	832	152
502	832	152
503	832	152
504	831	153
505	831	153
506	825	159
507	823	161
508	821	163
509	819	165
510	817	167
511	817	167
512	816	168
513	814	170
514	814	170
515	810	174
516	810	174
517	807	177
518	806	178
519	805	179
520	805	179
521	804	180
522	803	181
523	802	182
524	800	184
525	799	185
526	799	185
527	798	186
528	796	188
529	796	188
530	796	188
531	796	188
532	794	190
533	792	192
534	790	194
535	787	197
536	783	201
537	782	202
538	781	203
539	779	205
540	778	206
541	777	207
542	775	209
543	772	212
544	771	213
545	771	213
546	770	214
547	769	215
548	769	215
549	769	215
550	766	218
551	766	218
552	766	218
553	765	219
554	764	220
555	762	222
556	761	223
557	760	224
558	758	226
559	757	227
560	756	228
561	750	234
562	749	235
563	746	238
564	744	240
565	744	240
566	744	240
567	743	241
568	742	242
569	742	242
570	741	243
571	741	243
572	742	242
573	741	243
574	740	244
575	740	244
576	740	244
577	738	246
578	737	247
579	733	251
580	733	251
581	732	252
582	731	253
583	730	254
584	730	254
585	730	254
586	730	254
587	726	258
588	724	260
589	723	261
590	722	262
591	721	263
592	721	263
593	720	264
594	719	265
595	719	265
596	716	268
597	713	271
598	712	272
599	712	272
600	711	273
601	710	274
602	710	274
603	710	274
604	709	275
605	707	277
606	707	277
607	706	278
608	706	278
609	706	278
610	706	278
611	706	278
612	706	278
613	706	278
614	706	278
615	705	279
616	705	279
617	704	280
618	705	279
619	704	280
620	703	281
621	702	282
622	701	283
623	700	284
624	700	284
625	697	287
626	697	287
627	694	290
628	693	291
629	691	293
630	691	293
631	691	293
632	690	294
633	690	294
634	689	295
635	689	295
636	688	296
637	687	297
638	688	296
639	688	296
640	684	300
641	680	304
642	678	306
643	678	306
644	677	307
645	676	308
646	676	308
647	676	308
648	676	308
649	675	309
650	675	309
651	672	312
652	672	312
653	670	314
654	670	314
655	669	315
656	669	315
657	669	315
658	669	315
659	668	316
660	667	317
661	666	318
662	665	319
663	665	319
664	665	319
665	664	320
666	663	321
667	662	322
668	661	323
669	660	324
670	660	324
671	660	324
672	660	324
673	659	325
674	659	325
675	658	326
676	656	328
677	656	328
678	658	326
679	656	328
680	657	327
681	656	328
682	656	328
683	655	329
684	653	331
685	651	333
686	651	333
687	651	333
688	650	334
689	650	334
690	649	335
691	649	335
692	648	336
693	647	337
694	646	338
695	644	340
696	644	340
697	642	342
698	638	346
699	638	346
700	636	348
701	636	348
702	636	348
703	635	349
704	636	348
705	636	348
706	636	348
707	634	350
708	633	351
709	632	352
710	630	354
711	631	353
712	628	356
713	628	356
714	626	358
715	625	359
716	625	359
717	627	357
718	626	358
719	626	358
720	626	358
721	627	357
722	626	358
723	625	359
724	624	360
725	623	361
726	622	362
727	621	363
728	618	366
729	617	367
730	615	369
731	615	369
732	614	370
733	612	372
734	611	373
735	608	376
736	609	375
737	610	374
738	610	374
739	607	377
740	607	377
741	606	378
742	602	382
743	601	383
744	599	385
745	598	386
746	598	386
747	597	387
748	596	388
749	594	390
750	595	389
751	595	389
752	594	390
753	593	391
754	591	393
755	590	394
756	590	394
757	589	395
758	589	395
759	589	395
760	589	395
761	587	397
762	588	396
763	587	397
764	587	397
765	586	398
766	584	400
767	585	399
768	584	400
769	583	401
770	583	401
771	582	402
772	583	401
773	583	401
774	580	404
775	578	406
776	578	406
777	578	406
778	577	407
779	576	408
780	575	409
781	574	410
782	572	412
783	571	413
784	571	413
785	571	413
786	571	413
787	569	415
788	567	417
789	566	418
790	565	419
791	565	419
792	564	420
793	562	422
794	561	423
795	561	423
796	560	424
797	560	424
798	558	426
799	559	425
800	560	424
801	559	425
802	558	426
803	557	427
804	557	427
805	554	430
806	552	432
807	550	434
808	548	436
809	545	439
810	544	440
811	540	444
812	539	445
813	538	446
814	536	448
815	535	449
816	535	449
817	535	449
818	534	450
819	533	451
820	534	450
821	533	451
822	532	452
823	529	455
824	528	456
825	527	457
826	527	457
827	525	459
828	525	459
829	525	459
830	524	460
831	525	459
832	524	460
833	522	462
834	522	462
835	522	462
836	522	462
837	522	462
838	520	464
839	517	467
840	516	468
841	515	469
842	515	469
843	514	470
844	513	471
845	513	471
846	513	471
847	513	471
848	511	473
849	510	474
850	509	475
851	508	476
852	508	476
853	507	477
854	508	476
855	507	477
856	505	479
857	505	479
858	505	479
859	503	481
860	504	480
861	502	482
862	501	483
863	499	485
864	498	486
865	498	486
866	498	486
867	498	486
868	497	487
869	498	486
870	498	486
871	497	487
872	497	487
873	496	488
874	496	488
875	495	489
876	495	489
877	495	489
878	495	489
879	495	489
880	493	491
881	493	491
882	493	491
883	494	490
884	492	492
885	491	493
886	490	494
887	488	496
888	487	497
889	484	500
890	487	497
891	486	498
892	486	498
893	486	498
894	487	497
895	486	498
896	486	498
897	485	499
898	483	501
899	480	504
900	482	502
901	482	502
902	480	504
903	479	505
904	479	505
905	479	505
906	480	504
907	479	505
908	478	506
909	478	506
910	479	505
911	480	504
912	480	504
913	479	505
914	477	507
915	477	507
916	477	507
917	477	507
918	477	507
919	477	507
920	476	508
921	475	509
922	476	508
923	476	508
924	476	508
925	474	510
926	474	510
927	476	508
928	474	510
929	473	511
930	472	512
931	472	512
932	473	511
933	474	510
934	474	510
935	474	510
936	473	511
937	469	515
938	468	516
939	469	515
940	469	515
941	467	517
942	467	517
943	465	519
944	464	520
945	464	520
946	463	521
947	465	519
948	462	522
949	461	523
950	462	522
951	462	522
952	461	523
953	460	524
954	460	524
955	460	524
956	459	525
957	457	527
958	458	526
959	457	527
960	457	527
961	456	528
962	457	527
963	457	527
964	455	529
965	453	531
966	450	534
967	449	535
968	449	535
969	451	533
970	450	534
971	448	536
972	447	537
973	446	538
974	446	538
975	446	538
976	447	537
977	446	538
978	446	538
979	447	537
980	446	538
981	445	539
982	445	539
983	444	540
984	440	544
985	440	544
986	439	545
987	438	546
988	437	547
989	437	547
990	436	548
991	434	550
992	434	550
993	431	553
994	431	553
995	431	553
996	429	555
997	428	556
998	428	556
999	428	556
