GeneID	Gene_Start_position	Gene_End_position	Oryza_islolate_cover_bp	Setaria_islolate_cover_bp
g2112	1	843	827	842
g2113	3687	4205	519	519
g2114	5959	7587	1629	1628
g2115	7974	10600	2627	2627
g2116	11077	12093	1017	1017
g2117	18558	21237	2680	2680
g2118	22480	24524	2032	2038
g2119	25759	27188	1415	1430
g2120	28902	31397	2496	2496
g2121	36358	37626	1269	1269
g2122	38732	40787	2056	2056
g2123	41553	42383	831	831
g2124	42733	44646	1914	1914
g2125	46521	47381	861	861
g2126	50767	51679	913	913
g2127	53807	54457	651	641
g2128	56820	58692	1873	1873
g2129	66827	69690	2864	2835
g2130	70778	71269	492	492
g2131	74207	76039	1833	1833
g2132	77841	78287	447	447
g2133	79287	80684	1398	1398
g2134	81288	82183	896	896
g2135	86434	86882	449	449
g2136	88540	89648	1109	1080
g2137	90303	91037	735	735
g2138	91978	92466	489	467
g2139	93558	95822	2265	2265
g2140	96435	97397	963	963
g2141	98550	99791	1242	1242
g2142	100657	102012	1356	1356
g2143	105119	105835	717	717
g2144	109742	111211	1470	1470
g2145	111933	115174	3242	3242
g2146	116273	116733	461	461
g2147	117549	120306	2758	2758
g2148	123744	126742	2999	2999
g2149	128655	132760	4106	4106
g2150	133817	134351	535	535
g2151	135627	136395	769	769
g2152	137069	138311	1243	1243
g2153	141068	142779	1712	1712
g2154	144377	145987	1611	1611
g2155	149283	150987	1705	1705
g2156	152409	154918	2510	2510
g2157	157535	159001	1467	1467
g2158	159990	160713	724	724
g2159	161530	163374	1845	1845
g2160	165657	166171	515	515
g2161	170082	172278	2197	2197
g2162	173747	174773	1027	1027
g2163	175129	175856	728	728
g2164	177015	177802	788	788
g2165	178450	182757	4308	4308
g2166	183822	185403	1582	1582
g2167	186047	187996	1950	1950
g2168	201430	202834	1405	1405
g2169	211000	213580	2581	2581
g2170	215175	218579	3405	3405
g2171	219241	219651	411	411
g2172	222139	224142	2004	2004
g2173	233228	236906	3679	3679
g2174	240690	241397	708	708
g2175	242178	245612	3435	3435
g2176	248503	249460	958	958
g2177	249652	250118	467	467
g2178	251865	252698	834	834
g2179	253248	255601	2354	2354
g2180	260365	261592	1228	1228
g2181	270292	272024	1733	1733
g2182	272451	273541	1091	1083
g2183	274886	275143	258	258
g2184	278003	278652	650	650
g2185	281344	283233	1890	1890
g2186	283653	284614	962	962
g2187	286244	287063	820	820
g2188	287869	288383	515	515
g2189	289719	290935	1217	1217
g2190	291907	294294	2388	2388
g2191	294857	296743	1887	1887
g2192	298329	299562	1234	1234
g2193	300732	301697	966	966
g2194	302701	303759	1059	1059
g2195	304884	305732	849	849
g2196	306208	308264	2057	2057
g2197	308461	309939	1479	1479
g2198	312628	313188	561	561
g2199	315665	318119	2455	2455
g2200	321656	323771	2116	2116
g2201	325551	327791	2241	2241
g2202	330473	332041	1569	1569
g2203	334040	336942	2903	2903
g2204	337687	338982	1296	1296
g2205	340487	343330	2844	2844
g2206	344765	347224	2460	2460
g2207	347831	348740	910	910
g2208	350216	351566	1351	1351
g2209	359675	361042	1368	1368
g2210	372042	374058	2017	2017
g2211	374988	377218	2231	2231
g2212	378442	382357	3916	3916
g2213	384463	388884	4422	4422
g2214	393282	395351	2070	2070
g2215	395821	397058	1238	1238
g2216	397329	398672	1344	1344
g2217	400187	401937	1751	1751
g2218	406703	407813	1111	1111
g2219	410265	411874	1610	1610
g2220	412623	414123	1501	1501
g2221	414863	415963	1101	1101
g2222	416639	417249	611	611
g2223	419179	421593	2415	2415
g2224	424819	427206	2388	2388
g2225	437588	440029	2442	2442
g2226	443128	444658	1531	1531
g2227	444748	445474	727	727
g2228	446364	448401	2038	2038
g2229	452066	454333	2268	2268
g2230	456382	457874	1493	1493
g2231	459352	461530	2179	2179
g2232	463704	464671	968	968
g2233	465607	468502	2896	2896
g2234	473243	473701	459	459
g2235	475466	476347	882	882
g2236	478781	484307	5527	5527
g2237	486169	487125	957	957
g2238	487193	488999	1807	1807
g2239	489937	491586	1650	1650
g2240	492136	493561	1426	1425
g2241	496019	497468	1450	1450
g2242	498105	500412	2308	2308
g2243	502368	503813	1446	1446
g2244	506399	508054	1656	1656
g2245	508889	509907	1019	1019
g2246	510403	511607	1205	1205
g2247	512056	515324	3269	3269
g2248	515640	516149	510	510
g2249	518800	519201	402	402
g2250	522511	523634	1124	1124
g2251	524921	526965	2045	2045
g2252	527820	531048	3229	3229
g2253	535272	535850	579	579
g2254	536075	536926	852	852
g2255	539332	540441	1110	1110
g2256	541690	543668	1979	1979
g2257	547279	550975	3697	3697
g2258	551851	552431	581	581
g2259	553950	554536	587	587
g2260	555280	555848	569	569
g2261	556292	556785	494	494
g2262	557436	559292	1857	1857
g2263	560137	560899	763	763
g2264	561625	564284	2660	2660
g2265	564713	565778	1066	1066
g2266	569829	572012	2184	2184
g2267	582419	589189	6771	6771
g2268	594811	596163	1353	1353
g2269	602785	603699	915	915
g2270	608514	611661	3148	3148
g2271	628673	630052	1380	1380
g2272	631682	634581	2900	2900
g2273	635316	635951	636	636
g2274	637443	639006	1564	1564
g2275	639658	641553	1896	1896
g2276	641928	642965	1038	1038
g2277	645434	645787	354	354
g2278	645839	647152	1314	1314
g2279	647353	649095	1743	1743
g2280	651258	655981	4724	4724
g2281	659876	660340	465	465
g2282	662388	664100	1713	1713
g2283	670908	673345	2438	2438
g2284	674557	676332	1776	1776
g2285	677758	678911	1154	1154
g2286	688741	692188	3448	3448
g2287	693044	695025	1982	1982
g2288	695827	699082	3256	3256
g2289	700615	702817	2203	2203
g2290	707429	708041	613	613
g2291	708095	708526	432	432
g2292	709343	711008	1666	1666
g2293	711868	712880	1013	1013
g2294	713411	714692	1282	1282
g2295	716489	718882	2394	2394
g2296	720770	721642	873	873
g2297	722306	724834	2529	2529
g2298	726414	727263	850	850
g2299	727657	728919	1263	1263
g2300	734604	741518	6915	6915
g2301	743056	745691	2636	2636
g2302	746117	747155	1039	1039
g2303	747744	750509	2766	2766
g2304	752032	753841	1789	1651
g2305	756362	758325	1964	1964
g2306	758737	759741	1005	1005
g2307	760786	761622	837	837
g2308	761937	762995	1059	1059
g2309	765994	767636	1643	1643
g2310	769002	771115	2114	2114
g2311	774354	775788	1435	1435
g2312	778554	779853	1300	1300
g2313	780124	784399	4276	4276
g2314	785750	786357	608	608
g2315	793276	794469	1194	1194
g2316	795913	797167	1255	1255
g2317	798480	799343	864	864
g2318	801418	801774	357	357
g2319	802318	805173	2856	2856
g2320	806162	808720	2522	2525
g2321	809732	810466	735	735
g2322	810610	811762	1153	1153
g2323	812440	813549	1110	1110
g2324	814879	816076	1198	1198
g2325	817741	819634	1894	1894
g2326	820760	822352	1593	1593
g2327	824511	826072	1562	1562
g2328	826527	827505	979	979
g2329	832586	835103	2518	2518
g2330	835351	837611	2261	2261
g2331	839637	843022	3386	3386
g2332	846096	846713	618	618
g2333	847218	848293	1076	1076
g2334	849721	850767	1047	1047
g2335	854052	856738	2687	2687
g2336	857929	861155	3227	3227
g2337	862097	864440	2344	2344
g2338	864879	866688	1810	1810
g2339	867541	870213	2673	2673
g2340	870785	873642	2858	2858
g2341	877293	879956	2664	2664
g2342	883466	883749	284	284
g2343	884101	885721	1621	1621
g2344	886512	887468	957	957
g2345	888934	890925	1992	1992
g2346	903936	905523	1588	1588
g2347	908596	909672	1077	1077
g2348	910509	912644	2136	2136
g2349	913292	915666	2375	2375
g2350	916435	917142	708	708
g2351	917762	918817	1056	1056
g2352	920883	922885	2003	2003
g2353	923416	924939	1524	1524
g2354	929052	932406	3355	3355
g2355	932771	933748	978	978
g2356	934396	937447	3052	3052
g2357	938131	939049	919	919
g2358	939308	941642	2335	2335
g2359	942477	944560	2084	2084
g2360	945371	946347	977	977
g2361	947462	948449	988	988
g2362	949932	953090	3159	3159
g2363	967466	967708	243	243
g2364	969202	971372	2171	2171
g2365	975476	977891	2416	2416
g2366	978323	981257	2935	2935
g2367	981967	983326	1360	1360
g2368	983961	986462	2502	2502
g2369	989325	991528	2204	2204
g2370	993407	995214	1808	1795
g2371	997390	1005512	8123	8123
g2372	1006386	1006899	514	514
g2373	1007195	1012623	5429	5429
g2374	1013929	1014420	492	492
g2375	1016754	1019737	2984	2984
g2376	1020762	1023441	2680	2680
g2377	1024181	1025390	1210	1210
g2378	1029475	1033032	3558	3507
g2379	1033281	1036015	2735	2735
g2380	1041337	1042558	1222	1222
g2381	1043439	1044864	1426	1426
g2382	1047850	1048528	679	679
g2383	1049277	1051503	2227	2227
g2384	1052139	1055973	3835	3835
g2385	1056284	1057803	1520	1520
g2386	1065595	1068164	2570	2570
g2387	1069273	1071128	1856	1856
g2388	1071778	1075320	3530	3531
g2389	1075445	1079983	4539	4539
g2390	1083944	1084762	819	819
g2391	1087912	1088485	574	574
g2392	1089299	1091955	2657	2657
g2393	1093046	1094261	1216	1216
g2394	1094561	1095544	984	984
g2395	1095975	1101228	5254	5254
g2396	1102426	1104314	1889	1889
g2397	1106843	1107803	961	961
g2398	1108910	1111951	3042	3042
g2399	1112466	1113521	1056	1056
g2400	1114174	1115397	1224	1224
g2401	1115877	1116450	574	574
g2402	1116828	1117958	1131	1131
g2403	1119061	1119669	609	609
g2404	1120504	1122685	2182	2182
g2405	1124788	1125853	1066	1066
g2406	1127442	1128917	1476	1476
g2407	1130281	1131721	1441	1441
g2408	1132402	1133205	804	804
g2409	1136580	1138181	1602	1602
g2410	1139348	1140734	1387	1387
g2411	1140950	1142515	1566	1566
g2412	1143377	1144144	768	768
g2413	1144839	1145249	334	335
g2414	1145821	1149540	3720	3720
g2415	1150099	1150557	459	459
g2416	1150993	1151835	843	843
g2417	1152987	1154513	1527	1527
g2418	1155394	1157713	2320	2320
g2419	1160607	1162878	2272	2272
g2420	1169646	1171677	2032	2032
g2421	1176567	1178172	1606	1606
g2422	1178448	1180805	2358	2358
g2423	1182412	1184452	2041	2041
g2424	1185546	1189971	4426	4426
g2425	1191398	1192669	1272	1272
g2426	1194173	1195147	975	975
g2427	1195615	1196359	745	745
g2428	1197543	1198358	816	816
g2429	1198639	1202356	3718	3718
g2430	1203354	1205420	2067	2067
g2431	1205898	1207505	1608	1608
g2432	1208009	1210522	2514	2514
g2433	1210811	1212930	2120	2120
g2434	1213404	1214598	1195	1195
g2435	1216590	1220431	3842	3842
g2436	1224304	1227048	2745	2745
g2437	1228347	1228559	213	213
g2438	1229187	1229786	600	600
g2439	1234009	1237761	3753	3753
g2440	1241518	1242090	573	573
g2441	1242388	1243522	1135	1135
g2442	1243988	1244833	846	846
g2443	1246223	1248324	2102	2102
g2444	1251553	1252651	1099	1099
g2445	1252863	1254692	1830	1830
g2446	1256808	1257315	508	508
g2447	1260588	1266026	5439	5439
g2448	1268746	1270047	1302	1302
g2449	1271700	1273217	1518	1518
g2450	1274329	1275063	735	735
g2451	1276823	1280132	3310	3310
g2452	1284686	1285639	954	954
g2453	1286297	1287777	1481	1481
g2454	1289421	1291841	2421	2421
g2455	1296139	1298662	2524	2524
g2456	1301815	1302949	1135	1135
g2457	1303510	1304692	1183	1183
g2458	1307920	1309797	1878	1878
g2459	1311460	1313456	1997	1997
g2460	1314556	1315481	926	926
g2461	1316019	1317044	1026	1026
g2462	1318159	1320639	2442	2477
g2463	1325332	1326349	1018	1018
g2464	1328958	1329851	894	894
g2465	1332368	1334864	2497	2497
g2466	1335830	1336962	1133	1133
g2467	1337321	1338736	1416	1416
g2468	1339794	1340021	228	228
g2469	1342049	1342405	357	249
g2470	1345302	1345868	567	455
g2471	1347308	1349247	1940	1940
g2472	1350700	1351572	873	873
g2473	1351807	1352703	897	897
g2474	1354670	1357159	2490	2490
g2475	1363936	1367726	3791	3791
g2476	1370390	1372822	2433	2433
g2477	1373659	1374897	1239	1239
g2478	1376005	1378142	2138	2138
g2479	1378975	1379427	453	453
g2480	1386259	1389506	3248	3248
g2481	1390453	1390767	315	315
g2482	1391439	1392858	1420	1420
g2483	1393366	1395513	2148	2148
g2484	1396636	1396959	324	324
g2485	1397425	1398834	1410	1410
g2486	1399552	1405301	5750	5750
g2487	1406130	1407824	1695	1695
g2488	1421963	1424821	2859	2859
g2489	1425688	1427102	1415	1415
g2490	1428520	1429440	921	921
g2491	1430139	1430435	297	297
g2492	1436158	1437444	1287	1287
g2493	1438432	1443943	5512	5512
g2494	1444499	1446358	1860	1860
g2495	1447063	1448119	1057	1057
g2496	1450975	1453870	2896	2896
g2497	1454409	1456603	2195	2195
g2498	1460496	1462568	2073	2073
g2499	1465214	1466524	1311	1311
g2500	1467685	1469376	1692	1692
g2501	1470060	1472603	2544	2544
g2502	1477366	1479017	1652	1652
g2503	1479327	1480064	738	738
g2504	1481040	1483670	2631	2631
g2505	1486261	1487458	1198	1198
g2506	1491745	1493163	1419	1419
g2507	1494840	1496765	1926	1926
g2508	1496796	1500646	3851	3851
g2509	1501817	1503978	2162	2162
g2510	1506300	1507595	1296	1296
g2511	1512636	1513049	414	414
g2512	1513550	1515468	1919	1919
g2513	1516179	1517003	825	825
g2514	1519323	1520342	1020	1020
g2515	1521485	1522245	761	761
g2516	1523242	1524617	1376	1376
g2517	1525350	1526978	1629	1629
g2518	1530868	1532004	1137	1137
g2519	1542807	1546995	4189	4189
g2520	1547662	1549440	1779	1779
g2521	1550282	1550608	327	327
g2522	1552304	1554212	1909	1909
g2523	1554605	1555896	1292	1292
g2524	1556612	1557687	1076	1076
g2525	1559278	1560925	1648	1648
g2526	1562895	1564274	1380	1380
g2527	1564903	1567235	2333	2333
g2528	1567907	1570711	2805	2805
g2529	1571514	1573098	1585	1585
g2530	1573489	1574259	771	771
g2531	1575556	1577085	1530	1530
g2532	1577586	1579283	1698	1698
g2533	1581844	1585402	3559	3559
g2534	1587396	1588487	1092	1092
g2535	1589385	1591093	1709	1709
g2536	1592413	1593059	647	647
g2537	1594139	1596509	2371	2371
g2538	1597685	1598119	435	435
g2539	1599215	1599600	386	386
g2540	1600279	1602084	1806	1806
g2541	1603460	1606228	2769	2769
g2542	1607820	1610509	2690	2690
g2543	1610972	1612580	1586	1585
g2544	1615340	1616827	1488	1488
g2545	1618228	1620378	2151	2151
g2546	1620589	1623290	2702	2702
g2547	1624843	1627648	2806	2806
g2548	1628159	1629939	1781	1781
g2549	1630747	1632596	1850	1850
g2550	1643855	1644994	1140	1140
g2551	1651411	1653325	1915	1915
g2552	1653780	1654487	708	708
g2553	1654636	1655889	1254	1254
g2554	1656489	1659223	2735	2735
g2555	1661729	1662512	784	784
g2556	1665757	1667830	2074	2074
g2557	1669748	1672141	2394	2394
g2558	1673434	1674171	738	738
g2559	1676206	1676754	549	549
g2560	1677925	1678716	792	792
g2561	1679227	1680312	1086	1086
g2562	1683007	1687191	4185	4185
g2563	1687760	1688997	1238	1238
g2564	1689796	1690722	927	927
g2565	1690809	1691366	558	558
g2566	1692955	1695154	2200	2200
g2567	1696007	1697223	1217	1217
g2568	1698566	1700362	1797	1797
g2569	1703787	1704699	913	913
g2570	1705491	1707461	1971	1971
g2571	1707648	1710616	2969	2969
g2572	1711595	1713890	2296	2296
g2573	1722928	1727264	4337	4337
g2574	1731081	1732918	1838	1838
g2575	1733600	1736365	2766	2766
g2576	1738971	1745015	6045	6045
g2577	1745710	1746012	303	303
g2578	1748037	1749011	975	975
g2579	1753795	1758059	4265	4265
g2580	1759892	1761529	1638	1638
g2581	1761912	1762871	960	960
g2582	1763453	1764758	1306	1306
g2583	1765179	1765664	486	486
g2584	1766054	1767129	1076	1076
g2585	1767576	1768300	725	725
g2586	1768557	1769298	742	742
g2587	1769960	1771349	1390	1390
g2588	1772743	1776743	4001	4001
g2589	1779438	1781143	1706	1706
g2590	1786692	1791110	4419	4419
g2591	1791763	1795229	3467	3467
g2592	1796039	1796523	485	485
g2593	1796823	1797911	1089	1089
g2594	1798390	1799336	947	947
g2595	1800302	1804286	3985	3985
g2596	1804588	1805346	759	759
g2597	1806302	1807098	797	797
g2598	1807330	1807935	606	606
g2599	1808919	1810163	1245	1245
g2600	1810359	1812028	1670	1670
g2601	1812706	1813785	1080	1080
g2602	1814790	1816865	2076	2076
g2603	1820408	1821099	692	692
g2604	1821835	1822935	1101	1101
g2605	1823103	1824887	1785	1785
g2606	1826437	1828755	2319	2319
g2607	1832776	1833372	597	597
g2608	1834115	1835137	1023	1023
g2609	1836031	1837306	1276	1276
g2610	1838778	1839188	411	411
g2611	1840359	1842277	1919	1919
g2612	1843263	1844509	1247	1247
g2613	1845187	1846360	1165	1174
g2614	1847035	1849431	2397	2397
g2615	1850653	1852938	2286	2286
g2616	1854103	1856090	1988	1988
g2617	1858080	1859920	1841	1841
g2618	1860538	1861729	1192	1192
g2619	1863087	1863533	447	447
g2620	1864657	1865166	510	510
g2621	1867294	1868206	913	913
g2622	1868750	1869491	742	742
g2623	1870283	1872212	1922	1922
g2624	1875298	1876037	740	740
g2625	1879320	1881687	2368	2368
g2626	1882643	1883647	1005	1005
g2627	1889856	1891994	2139	2139
g2628	1894483	1896214	1732	1732
g2629	1897257	1899529	2273	2089
g2630	1899816	1900559	744	744
g2631	1902256	1905107	2852	2852
g2632	1905143	1907189	1838	2038
g2633	1910900	1912012	1113	0
g2634	1912439	1913173	735	0
g2635	1914917	1915174	258	0
g2636	1915394	1916113	720	0
g2637	1920995	1921379	385	385
g2638	1923867	1928863	4997	4997
g2639	1930093	1930401	309	309
g2640	1933094	1935891	2798	2798
g2641	1936516	1938510	1995	1995
g2642	1940013	1941027	1015	1015
g2643	1942555	1943377	823	823
g2644	1944632	1945742	1111	1111
g2645	1949608	1951817	2210	2210
g2646	1954167	1955915	1749	1749
g2647	1956559	1957765	1207	1207
g2648	1959227	1961045	1819	1819
g2649	1961069	1962893	1825	1825
g2650	1963087	1964070	984	984
g2651	1965189	1968890	3702	3702
g2652	1970465	1971809	1345	1345
g2653	1972530	1973871	1342	1342
g2654	1974263	1975608	1346	1346
g2655	1975686	1976175	490	490
g2656	1976870	1977724	855	855
g2657	1978697	1979520	824	824
g2658	1980535	1981751	1217	1217
g2659	1983043	1985156	2114	2114
g2660	1989107	1990186	1080	1080
g2661	1994294	1996264	1971	1971
g2662	1998140	1999345	1096	844
g2663	1999605	2000334	322	256
